Pedestrian 536 137 554 206 0.3203
Pedestrian 439 139 464 215 0.4259
Pedestrian 504 142 522 209 0.4478
Pedestrian 646 139 669 212 0.4659
Pedestrian 449 140 471 212 0.6323
Pedestrian 425 141 444 211 0.7531
Pedestrian 605 142 637 220 0.7544
Pedestrian 404 140 423 211 0.8072
Pedestrian 910 175 990 368 0.8169
Pedestrian 514 140 537 212 0.8912
Pedestrian 825 173 925 373 0.8958
Pedestrian 279 141 317 256 0.9705
Pedestrian 478 143 499 210 0.9712
Pedestrian 621 140 660 247 0.9787
Pedestrian 543 141 580 259 0.9790
Pedestrian 576 143 609 256 0.9868
Van 3 -5 261 395 0.9912
