Pedestrian 1046 120 1221 367 0.3957
Pedestrian 668 144 713 282 0.5190
Pedestrian 493 143 528 239 0.5209
Pedestrian 602 136 642 242 0.5353
Pedestrian 659 137 701 245 0.5795
Pedestrian 252 141 292 260 0.5850
Pedestrian 591 146 637 301 0.7824
Pedestrian 806 153 871 323 0.8940
Pedestrian 890 161 918 237 0.9029
Pedestrian 1015 129 1088 347 0.9038
Van 2 -3 255 399 0.9042
Pedestrian 565 145 614 303 0.9091
Pedestrian 917 148 1003 343 0.9213
Pedestrian 635 150 684 299 0.9655
Pedestrian 716 143 783 331 0.9749
Pedestrian 502 143 563 312 0.9761
