Car 560 170 602 209 0.4214
Cyclist 560 170 602 209 0.4371
Car 601 170 638 204 0.5106
Pedestrian 173 151 193 199 0.6166
Pedestrian 1108 133 1226 366 0.6806
Pedestrian 233 155 258 208 0.8153
Pedestrian 716 152 771 293 0.8903
Car 1098 182 1217 238 0.8905
Pedestrian 771 144 855 327 0.9285
Pedestrian 666 151 724 300 0.9323
Cyclist 460 166 488 208 0.9334
Pedestrian 200 152 229 208 0.9378
Cyclist 580 161 651 247 0.9769
Pedestrian 79 147 120 238 0.9923
Cyclist 516 163 587 256 0.9939
Car 955 181 1061 228 0.9986
Car 1031 183 1155 230 0.9993
