Pedestrian 809 137 851 244 0.4022
Pedestrian 770 147 814 306 0.5420
Pedestrian 1187 158 1227 359 0.5613
Pedestrian 259 139 296 260 0.6274
Pedestrian 593 165 640 331 0.6326
Pedestrian 605 141 660 259 0.6586
Pedestrian 629 155 679 316 0.7415
Pedestrian 519 138 556 247 0.7458
Pedestrian 684 141 728 242 0.7874
Pedestrian 878 143 967 372 0.8149
Pedestrian 793 154 871 367 0.9106
Pedestrian 713 142 764 310 0.9256
Van 1 -3 256 400 0.9261
Pedestrian 1072 145 1179 371 0.9295
Pedestrian 677 163 726 314 0.9675
Pedestrian 531 145 601 353 0.9769
