Pedestrian 819 137 872 246 0.3584
Pedestrian 617 139 648 221 0.5284
Pedestrian 574 139 604 222 0.8405
Pedestrian 261 141 305 262 0.8883
Pedestrian 467 138 493 225 0.9271
Pedestrian 779 146 888 370 0.9276
Pedestrian 596 139 635 265 0.9451
Pedestrian 1029 173 1072 254 0.9457
Pedestrian 887 133 966 360 0.9593
Pedestrian 770 141 816 267 0.9699
Pedestrian 545 140 584 263 0.9713
Pedestrian 647 136 692 274 0.9781
Pedestrian 679 140 731 284 0.9829
Van 1 7 257 388 0.9835
Pedestrian 489 138 530 271 0.9922
