Pedestrian 535 146 585 302 0.3326
Pedestrian 624 138 650 206 0.3437
Pedestrian 931 197 1118 370 0.3621
Pedestrian 613 137 640 215 0.4762
Pedestrian 638 139 659 204 0.5493
Pedestrian 534 149 566 237 0.5513
Pedestrian 1105 150 1226 369 0.7050
Pedestrian 853 131 1074 356 0.7857
Pedestrian 815 135 891 292 0.7973
Pedestrian 785 171 971 360 0.8278
Pedestrian 484 170 574 353 0.8334
Pedestrian 741 136 795 297 0.8719
Van 2 -7 260 405 0.8769
Pedestrian 684 147 734 306 0.9830
Pedestrian 574 139 624 314 0.9876
