Cyclist 857 148 949 311 0.3347
Pedestrian 181 149 197 195 0.3936
Pedestrian 781 151 836 301 0.5676
Car 600 173 634 203 0.6448
Pedestrian 184 149 208 203 0.6635
Cyclist 435 163 469 216 0.7451
Pedestrian 220 152 244 211 0.8473
Pedestrian 194 149 225 209 0.8546
Pedestrian 725 147 794 309 0.8814
Pedestrian 859 143 947 331 0.9407
Cyclist 619 159 721 269 0.9708
Cyclist 574 158 656 273 0.9870
Pedestrian 37 142 80 243 0.9949
Car 1091 183 1218 231 0.9981
Car 956 181 1061 228 0.9990
Car 1030 183 1154 229 0.9995
