Pedestrian 180 150 198 201 0.3168
Car 1024 181 1164 232 0.3317
Pedestrian 233 150 261 207 0.4380
Pedestrian 254 155 276 205 0.5195
Cyclist 826 154 927 280 0.6011
Pedestrian 222 151 243 203 0.6056
Pedestrian 827 155 898 294 0.6504
Pedestrian 607 152 665 298 0.6974
Car 582 172 626 202 0.7763
Pedestrian 776 146 861 330 0.7838
Cyclist 466 169 501 221 0.8509
Cyclist 505 168 536 216 0.8582
Pedestrian 577 152 627 278 0.8762
Pedestrian 1000 145 1107 336 0.9136
Pedestrian 182 149 213 225 0.9448
Pedestrian 535 157 582 276 0.9468
Car 1083 179 1223 235 0.9469
Car 958 181 1059 228 0.9900
