Car 620 176 667 222 0.3481
Pedestrian 937 149 1010 326 0.3558
Car 1101 183 1217 237 0.3647
Pedestrian 218 152 236 202 0.3871
Cyclist 546 170 567 204 0.4044
Pedestrian 249 152 276 207 0.4993
Cyclist 976 147 1114 290 0.6589
Pedestrian 690 160 739 290 0.6930
Cyclist 515 166 560 229 0.7046
Pedestrian 615 151 666 281 0.7125
Pedestrian 857 144 961 352 0.7319
Pedestrian 1131 145 1224 354 0.8478
Pedestrian 641 146 705 304 0.8942
Pedestrian 567 150 626 285 0.9698
Cyclist 478 169 528 228 0.9813
Car 1029 183 1158 231 0.9875
Pedestrian 155 150 192 228 0.9908
