Pedestrian 683 144 699 200 0.3211
Pedestrian 706 138 770 263 0.3558
Pedestrian 605 139 637 216 0.4727
Pedestrian 807 136 853 248 0.4913
Pedestrian 463 138 493 242 0.5133
Pedestrian 458 144 483 221 0.7458
Pedestrian 724 139 760 219 0.7687
Pedestrian 477 141 510 259 0.8602
Van 0 -4 255 400 0.9033
Pedestrian 774 141 811 249 0.9251
Pedestrian 804 135 867 318 0.9266
Pedestrian 571 141 605 248 0.9444
Pedestrian 498 140 533 258 0.9477
Pedestrian 533 140 568 247 0.9797
Pedestrian 699 145 787 333 0.9817
Pedestrian 612 139 652 260 0.9868
Pedestrian 643 142 684 258 0.9880
